# Created by Octave 4.0.0, Thu Jun 06 01:03:29 2019 CEST <morphy@morphy-pc>
# name: A
# type: matrix
# rows: 4
# columns: 4
 0.07 -6.19 -5.35 -4.91
 -9.08 -4 -6.27 -6.51
 9.37 -2.42 -5.93 5.37
 0.98 2.03 -3.93 -6.45


