# Created by Octave 4.0.0, Thu Jun 06 03:34:22 2019 CEST <morphy@morphy-pc>
# name: B
# type: matrix
# rows: 4
# columns: 1
 -52.63
 -121.74
 42.35
 4.21


