# Created by Octave 4.0.0, Thu Jun 06 01:03:29 2019 CEST <morphy@morphy-pc>
# name: A
# type: matrix
# rows: 3
# columns: 3
 2 1 5
 1 2 1
 10 22 50


