# Created by Octave 4.0.0, Thu Jun 06 03:34:48 2019 CEST <morphy@morphy-pc>
# name: B
# type: matrix
# rows: 3
# columns: 1
 5
 6
 5


