# Created by Octave 4.0.0, Thu Jun 06 03:43:59 2019 CEST <morphy@morphy-pc>
# name: X
# type: matrix
# rows: 3
# columns: 1
 0.9999999999999998
 2
 1


